function [a,b,m,gamma_star] = controlParameters()
% CONTROLPARAMETERS
%   [A,B,M,GAMMA_STAR] = CONTROLPARAMETERS()  update the control parameters

%Eric Westervelt
%2016 Version: Peter Minh
%16-Nov-2016 17:15:10

gamma_star = -25.16342287;
b = -3.376641526;
m = 0.51;

a=zeros(28,1);
a(1,1)=3.58;
a(2,1)=3.689788372;
a(3,1)=3.5;
a(4,1)=3.2;
a(5,1)=3;
a(6,1)=3;
a(7,1)=2.98;
a(8,1)=2.98;
a(9,1)=2.998250116;
a(10,1)=3;
a(11,1)=3.4;
a(12,1)=3.500000052;
a(13,1)=3.6;
a(14,1)=3.58;
a(15,1)=-0.32;
a(16,1)=-0.5636564229;
a(17,1)=-0.34;
a(18,1)=-0.22;
a(19,1)=-0.14;
a(20,1)=-0.1;
a(21,1)=-0.14;
a(22,1)=-0.14;
a(23,1)=-0.1971802842;
a(24,1)=-0.05;
a(25,1)=-1.13;
a(26,1)=-0.32;
a(27,1)=-0.34;
a(28,1)=-0.32;