function [a,b,m,gamma_star] = optimizationParameters()
% OPTIMIZATIONPARAMETERS
%   [A,B,M,GAMMA_STAR] = OPTIMIZATIONPARAMETERS()  update the control parameters

%Eric Westervelt
%2016 Version: Peter Minh
%18-Nov-2016 01:49:06

gamma_star = -95.5114;
b = -3.3788;
m = 0.50579;

a=zeros(28,1);
a(1,1)=3.6098;
a(2,1)=3.6888;
a(3,1)=3.0267;
a(4,1)=3.2913;
a(5,1)=2.9311;
a(6,1)=3.2174;
a(7,1)=3.0301;
a(8,1)=3.0301;
a(9,1)=2.8625;
a(10,1)=2.8292;
a(11,1)=3.4953;
a(12,1)=3.5812;
a(13,1)=3.7255;
a(14,1)=3.6098;
a(15,1)=-0.29223;
a(16,1)=-0.74408;
a(17,1)=0.39628;
a(18,1)=-0.25391;
a(19,1)=0.36571;
a(20,1)=-0.17812;
a(21,1)=-0.14428;
a(22,1)=-0.14428;
a(23,1)=-0.10803;
a(24,1)=0.18927;
a(25,1)=-1.2568;
a(26,1)=-0.27603;
a(27,1)=-0.29429;
a(28,1)=-0.29223;