function [a,b,m,gamma_star] = optimizationParameters()
% OPTIMIZATIONPARAMETERS
%   [A,B,M,GAMMA_STAR] = OPTIMIZATIONPARAMETERS()  update the control parameters

%Eric Westervelt
%2016 Version: Peter Minh
%18-Nov-2016 00:26:43

gamma_star = -25.4668;
b = -3.3837;
m = 0.52023;

a=zeros(28,1);
a(1,1)=3.6069;
a(2,1)=3.6726;
a(3,1)=3.4797;
a(4,1)=3.1554;
a(5,1)=3.0817;
a(6,1)=3.1316;
a(7,1)=3.0021;
a(8,1)=3.0021;
a(9,1)=2.8801;
a(10,1)=2.9641;
a(11,1)=3.4396;
a(12,1)=3.4497;
a(13,1)=3.6223;
a(14,1)=3.6069;
a(15,1)=-0.31047;
a(16,1)=-0.64886;
a(17,1)=-0.36717;
a(18,1)=-0.1832;
a(19,1)=-0.076279;
a(20,1)=-0.1753;
a(21,1)=-0.14117;
a(22,1)=-0.14117;
a(23,1)=-0.10662;
a(24,1)=-0.014394;
a(25,1)=-1.156;
a(26,1)=-0.31076;
a(27,1)=-0.28354;
a(28,1)=-0.31047;