function [a,b,m,gamma_star] = optimizationParameters()
% OPTIMIZATIONPARAMETERS
%   [A,B,M,GAMMA_STAR] = OPTIMIZATIONPARAMETERS()  update the control parameters

%Eric Westervelt
%2016 Version: Peter Minh
%30-Nov-2016 15:26:13

gamma_star = -7.099823413;
b = -3.366353377;
m = 0.5072873599;

a=zeros(28,1);
a(1,1)=3.584362048;
a(2,1)=3.798133046;
a(3,1)=3.416793984;
a(4,1)=3.236692952;
a(5,1)=3.08505333;
a(6,1)=2.99669696;
a(7,1)=2.962555193;
a(8,1)=2.962555193;
a(9,1)=2.97229877;
a(10,1)=3.017135815;
a(11,1)=3.39626121;
a(12,1)=3.487787732;
a(13,1)=3.594912915;
a(14,1)=3.584362048;
a(15,1)=-0.3742655399;
a(16,1)=-0.8213865422;
a(17,1)=-0.3777737969;
a(18,1)=-0.2042062981;
a(19,1)=-0.09103403001;
a(20,1)=-0.128163666;
a(21,1)=-0.1452265491;
a(22,1)=-0.1452265491;
a(23,1)=-0.2003383983;
a(24,1)=-0.04435744863;
a(25,1)=-1.128056268;
a(26,1)=-0.3325068987;
a(27,1)=-0.354294505;
a(28,1)=-0.3742655399;